1,2018다210690, 유체동산인도[금융리스이용자(채무자)에 대한 회생절차에서 리스계약에 따른 채권을 회생담보권으로 신고하여 확정받은 리스회사(원고)가, 채무자의 이 사건 기계(리스물, 의료기기) 사용을 전제로 한 회생계획이 수립되어 인가결정이 내려진 이후 비로소 리스계약을 해지하고 환취권을 행사하였다고 주장하면서 채무자의 관리인(피고)을 상대로 위 기계의 인도를 구한 사건,판결,[[-1.28684162e+00  1.11406560e-01 -5.59607960e-01  9.52174596e-01
   7.33372652e-01  6.44762809e-01 -1.78935984e+00 -2.11467919e-01
   1.69733894e-01  5.95539122e-01 -2.59306836e-01 -1.15626505e+00
   7.62239300e-01 -5.30190087e-01 -2.51422190e-01 -4.18516984e-01
  -8.30509932e-02 -1.20087529e+00  2.97128606e-01  4.22609732e-01
   4.78218065e-01 -5.67132712e-01  6.84612420e-01 -5.56740114e-01
   2.32850159e-02  5.83262578e-01  1.92078414e-01  6.52828887e-02
   1.09596216e+00  1.77049509e-01  4.83988434e-01 -1.35076661e+00
   7.59611708e-01 -8.40075978e-01 -1.08742081e-01  1.53977241e-01
  -3.30380247e-01 -8.54678590e-02  1.95343930e-02 -4.22777315e-01
  -6.22841901e-01  2.42061173e-01 -3.24106551e-01 -5.45983511e-01
  -5.35663139e-01 -5.70430591e-02  5.31545065e-02  5.03754151e-01
  -2.53680719e-01  2.90347013e-01  8.64960542e-01 -3.83284074e-02
   5.58947730e-01  9.07240346e-02 -5.76061718e-02 -2.94970448e-01
  -4.45880710e-01 -5.95781701e-01  7.16223314e-01 -4.06107406e-01
   1.43958960e-01  2.01920161e-01 -3.65459323e-01  5.54176245e-01
   6.39174384e-01  2.47109491e-01 -7.09405069e-01  7.81251510e-01
  -6.60567901e-01  3.81889666e-01  1.60722041e-01  1.01216134e-01
   5.29148551e-01  3.64894948e-01 -8.39956141e-01 -1.87185684e-01
  -4.72085022e-01  2.69639674e-01  5.68369577e-01  3.79955858e-01
   3.70509215e-01  5.87375754e-01  5.21297198e-02 -3.45319184e-01
  -4.19538932e-01  9.20260644e-02  1.14435592e+00 -1.17521104e-01
  -2.52295875e-01 -6.19386636e-01  1.28050454e+00 -3.58371945e-01
   4.68157002e-01  1.26791416e-01  7.72937279e-01  9.41903945e-01
   3.95987151e-01 -6.08324095e-01  8.46120508e-01 -8.98686158e-01
  -3.03479329e-01  6.97118592e-01  1.26464842e-01 -7.37266545e-02
  -6.03538205e-01  1.04952273e+00 -2.35857474e-01  1.17026464e+00
  -9.61500784e-01 -1.09415663e+00  4.36565662e-01  8.63727425e-01
   2.71603866e-01  1.52015723e-02  4.19856775e-01  1.13901566e+00
  -2.55928397e-01  6.05304990e-02 -1.00926166e-01  1.31541767e+00
  -1.38467529e-01  1.16356057e+00 -7.16532420e-01 -3.22635794e-01
   5.61797163e-01 -1.22434886e-01 -4.70385571e-01 -1.48964622e-01
  -6.57311154e-01 -1.22412339e-01  2.90826169e-01 -9.65375158e-01
  -1.36820164e+00 -6.60779974e-01 -4.19384899e-01 -1.29827295e-01
   4.39273084e-02 -1.77658986e-01 -1.04540327e+00 -2.44566375e-01
  -4.17813311e-01  1.67838874e-01 -2.92477386e-01  6.48911385e-01
   3.38558576e-01  4.12892318e-01 -9.18708308e-01  5.00119536e-01
  -5.28837533e-01  3.39305213e-01 -4.21571950e-01  3.50817321e-01
   9.25900326e-01  3.64328578e-01  2.44865474e-01  8.17815355e-01
   5.12264311e-01  5.80999165e-01  3.26176229e-01  4.24110415e-01
  -1.13982606e-01 -1.08822026e+00  5.63353851e-01 -5.39841980e-01
  -3.94751815e-02 -3.66174656e-01 -2.91619142e-01 -1.35038024e-01
  -6.85804302e-01 -4.16238392e-01  7.30090067e-01  1.04560645e+00
  -6.77217474e-01 -4.67254259e-01  6.30542525e-01  2.79952586e-01
   6.46366867e-01  4.71331894e-02  1.77454663e-01 -4.70330019e-01
  -6.23428751e-01 -6.37164588e-01  1.51919535e-01 -5.18695952e-01
  -4.70114219e-01 -4.64313635e-01 -5.64157266e-01 -4.82326884e-02
   2.68810151e-01  8.90313627e-01 -1.44392338e+00  5.28447195e-01
  -8.77746230e-01  2.83586272e-01  1.29447323e-01 -2.96018578e-01
  -5.87247030e-01  8.55835853e-01 -3.09387359e-01  1.29897545e+00
  -1.26932592e+00  1.23648685e+00  6.51636436e-01 -4.23737312e-01
   3.27402684e-01 -9.11729543e-01 -2.08764938e-01 -2.13842339e-01
  -2.47669731e-02 -9.38454839e-01 -4.84855103e-04 -4.75035373e-01
  -1.70280235e-02 -1.09863941e+00  8.22348275e-01 -3.68465049e-01
   1.43160957e-01 -9.88338147e-03 -3.02078010e-01  4.45979401e-01
  -5.57026841e-01 -5.44237607e-01 -4.49480260e-02 -4.65806488e-01
   3.10622311e-01  5.33117455e-01 -5.88560984e-01  4.11778937e-01
  -1.26729427e-01 -7.49199481e-01 -9.39658144e-01  5.75087949e-01
  -4.69834727e-01  7.61041713e-01  8.49809301e-01  1.24999741e-01
  -7.67698649e-02  5.75078920e-01  6.95676336e-01  8.77752240e-01
   1.63675083e-01 -7.80101205e-02  9.09547014e-01  1.90020933e-01
  -5.19950791e-02 -6.38409390e-01  1.54168039e-01  1.16542001e+00
   1.08811264e+00  3.47423146e-01 -5.67245440e-01 -8.99022025e-01
   2.96715810e-01 -5.57722154e-01 -2.91417239e-01  2.78477223e-01
   5.80640695e-01 -9.96835843e-02 -1.05736016e+00 -9.65818704e-01
   1.14956106e+00  5.66673065e-02  7.78944305e-02  1.87592004e-01
  -1.05333794e+00  3.49378467e-01  5.02480230e-01 -1.48095339e+00
   5.02978892e-01 -2.80345940e-01  5.83942745e-01  7.76659782e-02
   4.77217858e-01 -1.21492755e-01 -2.40913267e-01  1.05740174e-01
   4.31333294e-02 -4.91342202e-01  1.38936640e-02 -3.26430594e-01
   2.75706102e-01 -9.77747977e-01 -1.13651575e-03  4.09916323e-01
   5.46116330e-01  3.40895750e-01 -1.66804993e-01  6.66291901e-01
   5.77636397e-02 -9.55019278e-01  4.13216450e-01  5.25626499e-01
   8.04162219e-01  1.19844643e-01  8.30103646e-02 -3.54982982e-01
  -1.83046721e-01  5.19514434e-01 -4.46738497e-01  4.09009401e-01
  -2.36977377e-01  1.11198141e+00  2.61262568e-01  1.77646381e-01
   3.68452335e-01 -1.29487767e-01 -6.98798113e-01  6.99307773e-01
   1.83169820e-01 -1.07816308e+00 -4.37991219e-01 -8.77104264e-01
   7.92315169e-01  1.08984746e+00  3.58845731e-01  1.10603710e+00
  -7.40903688e-01  1.82797826e-01  4.39356809e-01  2.40970972e-01
  -4.85221056e-01 -4.96460732e-01  4.63546316e-01 -1.47337284e-01
  -1.17794350e+00  3.59269013e-01  1.65763146e-01  1.11904097e-01
  -8.30352288e-01  1.28088832e+00  2.26297893e-01  8.90723455e-01
   8.52794153e-01 -8.36633699e-01  7.66294869e-02 -1.02342832e-01
  -8.60572308e-02  5.57872413e-01  3.36999030e-01  6.40394817e-01
  -9.01523754e-01  1.32994328e-01  5.50743233e-01 -1.07790228e-01
   9.15938134e-01 -3.93568094e-01 -1.23771214e+00 -5.00219172e-01
  -3.75884921e-01 -2.87974197e-01 -2.15262976e-01 -4.40877381e-01
   1.89325992e-01 -2.87098909e-01  3.47612351e-01 -7.91484175e-01
  -1.80365882e-01 -4.75113395e-01  5.43264477e-01 -5.00167741e-01
  -1.59759509e-01 -1.13635469e+00  3.37636478e-01 -9.32299216e-02
  -7.60190233e-01  4.96581666e-01 -2.13728663e-01 -6.50808027e-01
   6.28342783e-01  3.52275279e-01 -1.35137719e-01  3.44607861e-01
  -1.13730909e+00 -1.12294355e+00  1.63652668e-01 -4.31148271e-01
   5.80056545e-02  8.07881610e-01  6.07267828e-01 -1.25995902e+00
   3.46745443e-01  1.42603963e-01 -9.37503119e-01  5.00701902e-01
   4.07216773e-01 -6.55973331e-02  5.29746852e-01  1.04806039e+00
  -7.02429696e-01 -3.81875712e-01  4.30352691e-01 -3.39756150e-01
  -8.40456409e-02 -6.74484246e-02 -6.58153169e-01 -5.58096472e-01
  -2.50790897e-01 -4.42368635e-01 -1.83669839e-01  7.00467813e-01
  -4.30946039e-01 -4.09977684e-01 -1.11514536e+00  6.89895635e-03
   5.53424606e-01  8.94283852e-01 -6.72200939e-02 -3.80667944e-01
   8.43885990e-01  1.19795079e-01  2.43031854e-01 -5.03168830e-01
   4.63659709e-01 -4.74191670e-01 -1.20578485e-01 -3.09195430e-01
  -3.59622516e-01  1.60245446e-01  1.55233348e+00 -7.05368693e-01
   7.10239378e-01 -6.88403637e-01 -3.27768076e-01  7.82286580e-02
  -9.06087635e-01  4.16890418e-01  6.15463276e-01 -5.69734978e-01
  -7.90096966e-02 -4.25183802e-01 -8.83937996e-01 -7.29734420e-01
  -7.71237994e-01 -7.84634186e-01  1.26856196e-01 -3.90271947e-01
  -1.91201649e-01  1.18071138e-01  4.97262176e-01  8.90852468e-01
  -3.46598850e-01  6.75290171e-01 -5.81733973e-01  1.22366145e+00
  -2.44380939e-02  5.75463990e-01  1.10064982e+00  3.90847599e-01
  -2.39279376e-01  5.70348322e-01 -3.81234378e-01  2.47068422e-01
   1.27806216e+00 -2.34339052e-01  6.94181263e-01  7.95099383e-01
   4.78194118e-01 -1.31354434e+00  9.08614863e-03  6.75526180e-01
   2.66033927e-01  5.89119867e-01 -3.25103339e-01 -4.10673147e-01
   3.93988419e-01 -2.93700679e-02 -1.00748317e-01  3.29564876e-01
   2.02665017e+00 -1.58515789e-01  8.71399331e-01  2.83961508e-01
   3.08649638e-01 -6.88732196e-01  2.92745803e-01 -6.87411199e-01
   2.41781165e-01 -5.43295570e-01  9.85222415e-01  1.28884276e+00
   9.70147231e-02 -3.25462176e-01 -1.60064824e-01 -4.48570020e-01
  -8.21523643e-02 -1.26584641e-01  8.19716868e-01  1.40417729e-01
   1.04130062e+00 -4.48714945e-01  6.59197871e-01 -2.44456482e-01
  -4.54760397e-01 -9.72441773e-02 -3.38555919e-01  3.85247848e-02
   5.21015977e-01  6.80911963e-01  1.26633816e-02  1.79915761e-01
  -8.45409608e-01  2.53561118e-01  3.54780379e-01  8.77732559e-01
   2.93247780e-01  7.99765588e-01  2.01764579e-01 -1.32482477e-01
   5.45099593e-01  2.00684909e+00 -2.57579148e-01 -5.63422144e-01
   8.80775805e-01  1.13848391e+00 -5.14211088e-02 -1.51486681e-01
   1.02788777e+00 -3.81661450e-01  3.70138995e-01  1.55055505e+00
   2.18757191e-02 -2.46889814e-01  1.58485323e-01 -3.45297551e-01
  -1.46679236e+00 -5.80495556e-01 -9.56347318e-01  2.83417122e-01
   1.01790301e-01 -4.15860084e-01 -3.69754990e-01 -3.22825530e-01
  -1.17705014e+00 -7.52025527e-01 -8.25211977e-01  7.09929381e-01
   2.50569133e-01 -5.70931183e-01  6.40257821e-01 -9.61782630e-02
  -7.14980499e-01 -9.33019613e-01  2.33045811e-01 -3.11532535e-01
  -8.09412022e-01  6.14703492e-01  6.86204639e-01 -7.52143132e-01
   1.60404741e-01 -4.82776554e-01 -3.60861479e-01  2.12746055e-01
  -8.89045094e-01  3.69498997e-01 -1.84958470e-01  3.00971248e-01
   7.12801261e-01 -6.53457256e-01 -1.36462011e+00  4.71051895e-01
  -3.39452701e-01 -2.03360726e-01 -3.20275188e-02  2.49090570e-01
  -5.13500918e-01  7.64096119e-01  3.66844719e-01  1.41559429e-01
  -5.10570740e-01  8.40846547e-02  8.40643419e-01  2.82501233e-01
   3.84880958e-03  2.36428309e-01  1.25312634e+00 -1.78527027e-01
  -7.17544227e-01  3.56459125e-01  7.67526049e-01  5.48794235e-01
   9.29589222e-02 -1.33472820e-01  2.85143348e-01 -5.75042206e-01
   7.71902760e-01  3.91988952e-01  1.17050888e+00  1.88087481e-01
  -5.22744399e-01  4.05979457e-01  7.75960175e-02  9.21828308e-01
   6.30548115e-01  4.00335854e-01  7.72061100e-01 -1.82934029e+00
  -5.13963447e-01 -6.00787248e-01 -1.68312877e-01 -2.01309009e-01
   3.12652173e-02 -1.53307241e-01  2.43586489e-01  2.49164701e-02
  -9.89725152e-01  3.99814389e-01 -6.82298521e-02 -5.46386789e-01
   3.79145034e-01 -9.82076389e-02 -1.65221941e-02 -4.65298349e-01
  -4.94838316e-01  9.61866756e-01 -4.17113370e-01  1.01614559e+00
   1.26694009e-01  2.88985545e-01 -1.08823126e-01 -1.36628558e-01
   2.02242446e-01 -3.91186400e-02 -5.39729050e-02  2.13784689e-01
   3.96934973e-01  3.72295840e-01  7.35876345e-01  2.70353348e-01
  -2.06889544e-01 -1.30878920e+00  9.25207443e-02 -7.15609982e-02
  -1.68249705e-01 -1.94150591e-01 -5.38871483e-01 -3.18257517e-01
  -4.15847978e-01  1.73166265e-01 -4.04037577e-01 -2.90579099e-01
  -1.28411047e-01  1.99776036e-02 -2.30294455e-01 -3.69607620e-03
  -6.90729658e-01  6.86467910e-01 -1.85569634e-01 -2.68330061e-01
   4.19489638e-02 -1.76334443e-01 -1.69970633e-01  1.97081937e-01
   2.23820978e-01  6.41041989e-01  4.34960170e-01 -3.62432576e-01
  -4.63916924e-01  4.67960040e-01  3.20904131e-01  4.52631555e-01
   5.60382943e-01  2.70764761e-01 -7.88277895e-01  6.99691837e-01
  -1.13599849e+00 -1.02704581e+00 -2.66193308e-02 -8.93244965e-02
  -1.68366142e-02  4.36818265e-01  3.25767231e-01  2.14800128e-01
   1.43513562e-01  7.92833550e-01 -4.89552434e-01  1.31829533e+00
  -1.75929453e-01 -7.74304940e-01 -2.79895339e-01  1.50293992e-01
  -9.90116933e-01  1.45275580e-01  1.00430821e+00 -9.54126419e-01
   7.08144712e-02 -3.32465537e-02 -9.53836102e-01 -1.78833581e-02
  -1.32456590e+00  9.13059262e-01 -1.00165491e-01  1.03594977e+00
  -1.26404680e+00  2.99565076e-01 -1.49586677e-01 -1.14825782e-01
   4.17489703e-01 -7.12445050e-01 -7.50954190e-02  3.36749843e-01
  -1.34420135e-01 -5.16836231e-02 -8.41144277e-01 -1.79489934e-01
   2.81104108e-01 -4.82987519e-01  4.25773239e-01  1.58172800e-01
   5.45353169e-01  8.16168299e-01 -9.76531473e-02  1.35349672e+00
  -3.62818526e-01  2.61864350e-01 -4.96440255e-02 -2.11791152e-01
   4.51742036e-01 -3.46701845e-01  5.96644956e-01  3.76847037e-02
  -1.68527530e-01 -5.46751733e-01  6.17842990e-01 -8.55004009e-01
  -6.03903167e-01 -7.52524175e-01 -3.49932438e-02 -1.86869059e-02
  -4.76047538e-01 -1.07129252e+00  2.07461194e-01 -8.11021885e-01
  -9.53898573e-01 -6.87343095e-01 -8.35022397e-01  5.04867839e-01
   5.98945089e-01  3.08521246e-01 -2.53576501e-03  2.09933018e-01
  -2.18435995e+00 -4.96585538e-01 -9.11792546e-01  2.06098104e-01
   1.03101475e+00  2.93743584e-01  2.50821964e-01 -5.14147821e-01
   3.98504777e-01  4.72863948e-01 -2.58762827e-01  1.97968316e-01
  -3.11911241e-01 -1.39333348e+00 -3.09102372e-01 -5.32801730e-01
  -1.19549782e-01  1.31114504e-01 -4.75560574e-01  1.28704428e-01
   3.41538980e-01  1.28074054e-01 -5.43267936e-01 -7.87277818e-01
  -2.36243186e-02 -1.96702237e-01 -4.88781790e-01  3.96641289e-01]],{'?': '?'},1,/DRF/lawService.do?OC=test&target=prec&ID=231743&type=HTML&mobileYn=2,2010다63836, 회생담보권 조사확정 재판 이의,판결,[[-2.18164951e-01  6.16729140e-02 -2.45039068e-01  3.96483555e-01
  -2.70149119e-01  1.33537622e-01 -1.78640409e+00  3.17336524e-01
   2.86226219e-02 -1.47223603e-01 -2.39238464e-01  7.28184330e-01
   2.52797178e-01 -3.70398577e-02 -6.59688330e-01 -6.06612132e-01
   4.33851531e-01 -1.07404009e+00 -8.11505728e-01  1.86567406e-01
   8.34465989e-01 -4.62834338e-02  4.15716883e-01 -7.95650423e-02
   1.80554692e-01 -2.70586810e-01 -9.35671343e-01 -3.63474443e-01
   1.19037325e+00 -9.52039622e-01  1.68058803e+00 -1.18910076e+00
   5.75113162e-01 -7.86747200e-01  1.39464335e+00  8.67905183e-01
  -8.09166613e-01 -4.10880853e-01 -2.49041852e-01 -2.06059970e-01
  -4.96095447e-01  3.77848900e-01 -3.34070142e-01 -1.10211703e-01
   5.17619742e-01 -5.83790734e-02  2.31330466e-01 -3.64172225e-01
   9.23694536e-02  1.11677857e+00 -2.33085573e-01 -3.07261753e-01
  -4.58183192e-02 -4.16027619e-02 -2.44739701e-01  8.96883767e-01
   1.09815710e+00 -1.48431178e-01  7.51962723e-01 -6.98784672e-02
   4.13496454e-01 -6.35637310e-01 -5.25907038e-01  1.02579200e+00
   2.79461340e-01  7.65967190e-02 -1.33042864e+00 -3.65730995e-01
   4.02365327e-03 -4.30564398e-01  5.96313895e-01  8.34525543e-01
   2.43873099e-01 -6.54460940e-01  1.04354595e-01  9.27913062e-02
  -7.78005626e-01 -2.02927918e-01 -5.23936161e-01 -1.73922416e-01
  -3.78454044e-01  5.98284468e-01 -8.34680671e-01 -1.82850814e-01
   3.00038539e-01 -4.52125428e-01 -2.48472926e-01 -1.79470957e-01
  -4.94290201e-01 -2.49761280e-01  1.71418995e+00  5.01721252e-01
  -1.65411498e-01 -2.10647841e-01  1.25263267e+00  1.41720015e+00
  -1.00265691e+00 -5.86501354e-01 -2.73567016e-01 -5.06991084e-01
  -1.90069169e-01  9.76349580e-01 -2.45922326e-01 -2.05808094e-01
   4.29541626e-01  6.00991586e-01 -1.04135448e+00  7.29628330e-01
  -8.44203367e-01 -2.32135726e-01  3.65875956e-02  7.12942549e-01
  -1.86850548e-01  1.10507375e+00  8.10017391e-01  5.26777411e-01
   9.27245691e-02 -6.77502565e-02 -1.04666138e+00  9.39930569e-01
   2.08319016e-02  1.13593052e+00 -2.07114145e-01  1.49868280e-03
  -4.26853426e-01 -1.16628653e+00 -8.44941017e-01  9.24248793e-01
   6.22336270e-01  1.22689101e-01  8.02495754e-01 -3.20395175e-01
  -2.23940113e-01  3.85233063e-02 -1.08901922e+00 -2.29875601e-01
  -8.98585449e-01 -5.88689643e-01 -1.43475769e+00 -1.10118146e-01
   3.55398129e-01 -1.38908913e+00  4.60325548e-01  8.24808166e-01
   1.10766262e-02  7.86612564e-01 -1.92908695e+00  5.44131441e-01
  -9.28342733e-01  7.33092373e-01 -1.79226622e-03  7.57840949e-01
   4.67651608e-01  1.17814812e+00  7.97545823e-01  4.90964491e-01
   3.59745376e-01  6.60392725e-01  3.30564813e-01 -2.39335625e-01
  -7.99959573e-01 -3.71349536e-01  6.00667459e-01  5.56990831e-01
  -3.64251748e-01  3.72999178e-01 -1.60247815e+00  3.25424495e-01
   4.23287856e-01 -1.07690387e+00  8.34154483e-02  2.24019644e-01
   4.62333167e-01 -1.29654558e-01 -5.73126880e-01  3.81312740e-01
   2.15292579e-01 -2.16743673e-01  1.61557578e-01 -4.61989893e-01
   7.20103024e-01  4.82441191e-01 -1.49990422e+00 -9.23204303e-02
  -4.03248961e-01 -4.42234629e-01 -4.04196899e-01 -5.55511932e-01
  -9.71047563e-01  6.90023930e-01 -1.84249601e+00  2.18183973e-01
  -1.41142753e+00  6.58111131e-01  9.12426315e-02 -8.73063304e-01
   3.81988350e-02  9.05130187e-01 -2.08454507e-01 -4.57273334e-01
  -2.36031753e-01 -4.31815951e-01 -4.61526573e-02 -1.52986807e-01
  -1.15091119e+00 -1.44756730e+00  9.09494200e-01 -4.42305610e-01
   6.82495407e-01 -8.42816375e-02 -1.04498129e-01 -3.54036355e-01
   1.43273659e+00 -1.33768894e+00 -4.43262212e-02 -1.09194275e+00
   3.97073139e-01  1.07148014e+00 -1.61233331e-01  1.49179544e-01
  -2.63252206e-01  6.93055350e-01  1.59091944e-01 -2.64566601e-01
   1.07845066e+00  6.49754032e-03  8.20720556e-01  7.83078466e-02
   9.81311774e-01 -1.06046500e+00 -6.86884385e-01  1.05024038e-01
   3.06716155e-01 -1.61096523e-01  1.62718744e+00  5.41456831e-01
  -6.04887963e-01  4.62469827e-02 -6.46849583e-01  1.30423298e+00
  -2.61847840e-01  2.91180336e-01  4.28539708e-01 -8.05155202e-01
  -7.95139238e-01 -2.75779257e-01  4.90044762e-01  1.02899716e+00
   9.96063164e-01 -4.31988001e-01 -5.96000938e-01  1.26121426e-01
   1.04931025e+00 -7.17670146e-02 -1.08456256e-01 -3.01838741e-02
   9.10675943e-02 -2.45910664e-01 -1.72383888e-01 -7.94742939e-01
   1.09517691e+00 -5.00793990e-01  1.28587598e+00  1.67031319e-01
   9.85525775e-01 -6.04754430e-01  8.12257390e-02  6.87635094e-02
  -2.24968898e-01 -1.79055543e-01  1.07464442e-01 -5.25034371e-01
  -2.43717780e-01 -2.41646437e-02 -1.44395957e+00  3.08821283e-01
   1.24802728e+00 -6.25165766e-01  2.02420489e-01 -5.80490439e-01
   6.30187482e-01 -7.91806757e-01  8.72331706e-01 -2.08036440e-01
  -2.02905422e-01  7.17758076e-01  6.78892821e-02  1.44080418e+00
  -2.64516457e-01 -5.44141449e-02  4.45186805e-01  5.50580961e-01
   3.29013502e-01 -7.82438412e-01  1.32776989e+00  6.55172199e-01
  -8.73540498e-01 -4.44584442e-01 -6.87629557e-01  4.48146384e-01
   2.90742663e-01 -2.52840790e-01 -2.85839692e-02 -1.25367975e+00
   2.55826119e-01 -4.95630611e-01 -1.53913933e-01  1.32664132e+00
   9.34169775e-01 -4.10609538e-01 -7.45484419e-02 -1.14438865e-01
  -3.48786711e-01  1.38207908e+00  4.63464361e-01  1.23610379e-01
  -4.55327549e-01  5.34337534e-01  4.26033017e-01  6.27066206e-01
  -4.66296694e-01 -2.79566554e-01  1.51677938e-01  8.65766487e-01
  -9.28136802e-01  2.88219941e-01 -7.82688504e-01 -3.14731038e-01
  -9.83746364e-01  5.87492998e-01 -3.09821925e-01 -1.54296942e-01
   4.65360860e-01 -5.74289806e-01 -3.99368981e-01 -2.62540388e-01
  -6.48780428e-01  7.61609681e-02 -1.03825123e+00 -7.76539004e-01
   7.30899442e-01 -7.51782626e-01 -1.62144189e-01  5.12461184e-02
   3.56079248e-01 -1.50936027e+00 -7.01213799e-01 -4.36267143e-01
  -1.04181261e+00  2.21324670e-01  2.15748753e-01  7.02125700e-01
   1.17533125e-01 -2.62065451e-01  9.89498712e-02  1.46983556e-01
   1.15899362e-01 -1.20687767e+00  1.00020856e+00 -6.16807075e-01
   4.40801914e-01 -1.51663043e+00  2.92350001e-01 -4.14618433e-01
   4.52626970e-01  4.52294633e-02 -9.89051624e-01 -1.22791131e+00
   2.43825588e-01 -2.30216183e-01 -2.18196291e-01  1.46954014e+00
  -6.53812106e-01 -2.07278473e-01 -6.83584866e-01 -7.51561344e-01
   2.20920611e-01  1.68411447e+00 -6.28147229e-01 -5.58107893e-01
   4.75367278e-02 -3.37716497e-01 -4.57770276e-01  3.03033117e-01
  -5.26024619e-01 -1.21526115e+00 -9.99701792e-01 -4.75293251e-02
   6.27600296e-01  4.06836419e-01  1.44487179e+00 -3.23053884e-01
  -4.60586274e-01 -5.43877657e-01 -6.51522969e-01 -8.09052128e-01
   3.38031571e-01  1.36450842e-01  3.81246619e-01  7.91150200e-01
  -6.03820655e-01 -1.18471766e+00 -2.13466335e-01  4.46818233e-01
   5.86057048e-01  4.43971585e-01 -3.96874103e-01 -5.42549096e-01
   1.44246723e+00 -8.21191084e-02 -3.21262211e-01 -8.15371266e-01
   4.58810453e-01 -5.85776717e-01 -4.62670770e-01 -1.69830247e-01
   3.56501612e-01  1.01444900e+00  2.48115267e-01 -7.90149876e-01
   1.92371573e-01 -4.32508107e-01 -1.69863601e-01  8.13473473e-01
  -1.22720310e-01 -4.98859519e-01 -1.60734214e-01  4.79842514e-02
   3.38674264e-01  2.17902204e-01 -4.72590102e-01  8.08475387e-01
   7.16201763e-01 -8.49595733e-02 -9.93616460e-01 -1.24378807e-01
   1.42687024e-01 -1.35076586e+00  3.88965650e-01  5.97808206e-01
  -5.65977761e-01  9.85769303e-01 -8.53718689e-01 -2.36698270e-02
   5.97691076e-01  3.94028231e-01  3.12644173e-01  6.57705158e-01
  -5.51630118e-01 -4.74531041e-01 -1.44489587e+00  8.64775224e-01
   6.36976717e-01 -3.31691600e-01  3.34855427e-01 -3.59723246e-01
   1.13316969e+00  1.24587635e+00 -1.82300874e-01  2.15771176e-01
  -1.08870661e+00  9.80362765e-02  1.02668016e-01 -1.18716665e+00
   1.01721438e+00  4.39786446e-01 -3.75696048e-02  6.08426827e-01
   3.50065212e+00 -2.19533789e-01  2.08102819e+00  8.24196080e-02
   2.77431955e-01 -8.68084898e-01 -8.25876994e-01 -1.23749603e+00
   1.27822470e-01  1.22293879e-01  1.06878681e+00  8.69072142e-01
  -6.57622379e-01 -9.71608998e-01 -4.35743149e-01  1.72214190e-01
  -9.50824940e-01  2.11170528e-01 -5.55801537e-02 -2.64747675e-01
  -2.47980064e-01 -7.75683077e-01 -1.83507625e-02 -8.54642287e-01
  -2.00591521e+00  8.85558926e-02 -4.61704834e-01  5.44867440e-01
   1.20646494e+00  9.72899602e-01  1.17009431e+00  7.56354284e-01
  -5.12329492e-01  2.63362521e-01 -6.67555004e-02 -2.05957662e-01
   3.49792396e-01 -1.13430247e-02 -2.12233853e+00 -6.50602013e-02
  -4.43632660e-01  1.04902485e-01 -6.67797482e-01 -6.81481531e-01
   1.20949094e+00  1.44854717e-02 -1.76795885e-01 -3.50901239e-02
   1.28543273e+00 -1.18383404e+00 -1.08240386e+00  3.40486419e-01
   1.13277357e+00  5.79586922e-01 -7.19416887e-01 -4.83606999e-01
  -3.12520429e-01  3.09191793e-03  4.85724168e-01 -1.11459676e+00
   1.07261576e+00 -8.88348973e-01  1.96802984e-01  1.08444135e-01
  -3.18484263e-01 -4.55876473e-01  3.75951761e-01  2.12320909e-01
   8.68503332e-02  5.60985208e-01  2.84267329e-01  1.44380901e+00
  -4.02030586e-01 -2.54879816e-01  3.29272619e-01  1.22019522e-02
  -7.35067261e-01 -1.04671720e-01  2.64296137e-01  1.14866754e+00
   1.16617896e+00 -3.15315434e-01  1.53692369e-01  9.35926199e-01
  -4.98068920e-01 -8.77963858e-01  2.09582306e-01  4.23853879e-01
  -3.54218665e-01 -1.20545456e+00 -2.28150959e-01  5.59711382e-01
  -6.62058769e-01 -5.56622192e-02 -5.10545452e-01 -8.70992471e-01
  -1.46130746e-01  2.07943209e+00 -2.98493662e-01  5.58177248e-02
   5.90193915e-01  4.22871440e-01  5.18495770e-01  7.14183871e-01
  -3.18606190e-01  2.43520503e-01  3.03802989e-01 -2.09282712e-01
   6.05016916e-01  2.00460066e-01  1.39003823e+00  4.02723193e-01
   3.01276777e-01  4.88572642e-01  8.00707579e-01 -1.43152594e+00
   1.01837418e-01  6.84925533e-01  2.75524605e-02 -4.25533421e-01
   2.82215227e-01  8.79305983e-02  3.49832099e-01  2.46721023e-01
  -9.88372883e-01  3.34980801e-01  1.14394803e+00 -2.57184134e-01
  -7.10828528e-01 -1.76657505e-01  4.99872768e-01  1.31927391e+00
  -3.35412864e-02 -6.80977984e-01  6.03413093e-01  4.54243641e-01
  -1.41134990e+00 -2.99294397e-01 -4.77739057e-01  4.13306713e-01
   9.10434020e-01 -1.70907922e+00 -8.43382254e-01 -3.39355823e-03
  -1.02618821e+00  6.48051022e-01 -8.62912705e-01 -6.98985317e-01
   2.99533717e-01  8.53958537e-01 -1.24822994e+00  2.67094122e-01
  -1.67519957e-02  4.89476081e-01  5.03127965e-01 -1.36715750e-01
  -1.47697783e-01 -7.60097140e-01  1.96748703e+00  1.31201119e+00
   5.61364905e-01 -1.65751898e-01  2.90476087e-02 -6.39357233e-01
  -1.61456198e-01 -2.78810874e-01 -3.14534999e-01 -8.20405392e-02
   9.81448195e-01 -3.22478913e-01 -1.12215024e-01 -6.47495165e-01
   1.06991189e-01  1.04170044e+00  7.20829308e-02  5.11209977e-01
  -3.15019323e-02  3.34166914e-02  1.13309447e-01  3.26177987e-01
   5.31567924e-02 -2.93620613e-01  3.90195146e-01  5.18855874e-01
  -1.67957520e-01  2.39818056e-01  8.53556073e-01  1.15285560e-01
   2.54346609e-02 -4.26353125e-01  8.08725097e-01  2.50710405e+00
   4.36370347e-01 -5.38919580e-01  2.26995480e-01  1.94579749e+00
  -1.08944043e+00  3.04541001e-01 -3.23159826e-01 -4.62780353e-02
  -3.12805499e-01 -3.43706430e-01  5.04769258e-01  1.07006365e+00
  -1.41005632e-01  1.88988585e-01 -8.67565095e-02  1.38718150e+00
   8.09808362e-01 -3.07778887e-01 -1.65172428e-02 -1.52124298e-01
   4.96941479e-01 -9.78668185e-01  3.93879465e-01  2.87730625e-01
   7.02963549e-01  2.96535385e-01 -2.01383755e+00 -1.16315133e+00
  -2.60452425e-01  4.12911528e-01 -1.18263257e+00  9.27262792e-01
  -7.76752736e-01  9.11940720e-02  2.58729890e-01  6.05565574e-01
  -3.12326263e-01 -4.04108196e-01 -6.99874505e-01  1.96913286e-01
   5.89389073e-01  5.74595957e-01  6.11006737e-02  3.36377398e-01
   7.82569729e-02  4.79379779e-01  6.19844329e-03 -1.22355476e-02
   4.96491984e-01 -2.48181751e-01 -2.39478944e-01  1.63770845e+00
  -8.24030660e-01 -1.87071319e-01  5.35625651e-01 -6.72266385e-01
   1.07406788e+00  7.89608267e-01  9.71991827e-01 -5.47193915e-02
  -8.15902263e-01 -1.12305605e+00  2.47838783e-01 -4.47799186e-01
  -4.09003737e-01 -6.78972805e-01  7.41787433e-01  2.55369086e-01
  -7.69230775e-01  4.39065880e-01  1.16667631e+00 -6.14857468e-01
  -1.47376864e+00 -1.12800259e+00 -5.85078377e-01  6.61524627e-01
  -5.33692190e-01 -1.10828678e-01  1.14567568e+00  4.54200633e-01
  -6.68201955e-01 -4.26654552e-01 -6.59934208e-01  1.25558068e+00
  -5.84243211e-01  5.34719673e-01  3.79284698e-01 -5.89708653e-01
   1.79155830e-01  3.35593908e-01 -1.54439402e-01 -6.62251356e-01
  -6.24366557e-01 -2.99495293e+00 -1.13132701e+00 -1.10951736e+00
  -8.75876785e-01 -2.65925542e-02  1.00949823e-01  5.04936466e-01
  -1.39654440e-01  1.26569433e+00 -2.72325671e-01 -3.66319251e-01
  -6.28642807e-01  5.14311861e-01  1.65706203e-01  5.93256736e-01]],{'?': '?'},1,/DRF/lawService.do?OC=test&target=prec&ID=168579&type=HTML&mobileYn=3,2010나1786, 회생담보권조사확정재판이의 ,판결,[[-1.77431412e-01  2.08442503e-01 -9.26778615e-02  2.89913295e-01
  -4.86371397e-01  3.63325252e-01 -1.68621822e+00 -1.65832739e-02
  -3.04390403e-01 -9.83339833e-02 -7.49921672e-01 -2.21096271e-01
   7.47423220e-02 -2.38366194e-01 -4.97316187e-01 -9.43269235e-01
   4.20792162e-01 -1.10782814e+00 -7.54232316e-01  4.26323522e-01
   7.48653618e-01 -2.46484652e-01  6.56933214e-01  9.02902409e-03
  -2.89475637e-02 -1.55100799e-01 -5.11666107e-01 -2.79969854e-01
   1.07693325e+00 -1.30305821e+00  1.86299369e+00 -1.17977390e+00
   6.43833953e-01 -8.48073018e-01  7.25696425e-01  8.42446426e-01
  -8.85700180e-01 -3.86879358e-01 -7.08972318e-01 -7.17203356e-01
  -3.03576763e-01  7.31212929e-01 -5.59045219e-01 -3.04415017e-02
   1.82511212e-01 -6.39064951e-02  1.25790840e-01 -5.51138343e-01
  -1.71982238e-01  5.11391068e-01 -3.46855890e-01 -6.03357892e-01
   1.74357687e-01  1.35308640e-01 -4.95353565e-01  7.90414861e-01
   7.99777183e-01 -2.08018376e-01  8.97564601e-01  3.69929548e-02
   5.70067387e-01 -4.50572447e-01 -6.90722933e-01  1.33061254e+00
   5.05472803e-01  4.84941765e-01 -8.81577003e-01 -4.95490131e-01
  -4.20259953e-02 -3.13724839e-01  8.67507783e-01  8.28592488e-01
   2.64297828e-01 -9.45668697e-01 -5.53756982e-01  3.71859595e-02
  -5.49742285e-01  2.93528751e-02  2.19159201e-02 -4.24242119e-01
  -1.57476124e-01  4.71534553e-01 -3.72688970e-01 -8.73175910e-01
   3.05114540e-01 -3.83006116e-01 -4.42063063e-02 -2.28739341e-01
  -3.22077712e-01 -4.39281217e-01  1.98608601e+00  5.24087600e-01
   1.27115044e-01  2.34734807e-03  1.35764351e+00  1.54999461e+00
  -9.04450315e-01 -4.30607261e-01 -1.63015745e-01 -7.40906592e-01
   2.46536523e-01  1.12515389e+00 -6.56770749e-01 -2.99498690e-01
   4.99836003e-01  5.24059716e-01 -1.21202909e+00  7.13166162e-01
  -8.02833360e-01  9.13186990e-02  2.69053811e-01  1.11549905e+00
   1.81139056e-02  6.16728184e-01  2.85789222e-01  9.94201548e-01
  -6.51963580e-01 -2.17902467e-01 -1.04877656e+00  6.54189912e-01
   3.53931460e-01  1.70627981e+00 -2.44939429e-01 -9.33262534e-02
  -6.95448813e-01 -1.00010021e+00 -8.52981988e-01  9.04834011e-01
   8.17821413e-01  2.08564371e-01  8.11609480e-01 -8.27200741e-01
  -3.43804879e-01  4.33174877e-01 -1.05346869e+00 -6.86413369e-01
  -4.90514650e-01 -6.15124500e-01 -7.96973422e-01  5.51637411e-03
   1.31769007e-01 -1.04725212e+00  3.25938312e-01  1.12094027e+00
   2.15757445e-01  2.29421523e-01 -2.16787283e+00  5.87421529e-01
  -7.97943133e-01  6.73227495e-01 -8.77490938e-02  9.29299450e-01
   5.72178749e-01  1.10830703e+00  1.08249235e+00  8.64558429e-01
   7.30968685e-01  4.45834211e-01  2.33125375e-01  4.16759588e-02
  -6.82684718e-01  3.79016016e-02  4.85294181e-01  3.33148349e-01
  -3.68993545e-01  4.01026669e-01 -1.18710297e+00 -1.08557668e-01
   3.51292158e-01 -1.36575390e+00  1.10545816e-01  3.40429817e-01
  -2.65058094e-01 -6.61036126e-02 -9.02257738e-01 -3.35581197e-01
  -1.20833526e-01 -2.06462517e-03  2.21144037e-01 -7.36769602e-01
   7.51133515e-01  5.05458067e-01 -1.04392814e+00 -9.53773201e-02
  -6.68146773e-01 -3.96078219e-01 -1.04250176e-01 -1.05957446e+00
  -6.75918530e-01  1.28694948e+00 -1.37796240e+00  6.30424922e-01
  -1.35724438e+00  1.11919811e+00 -2.62935433e-01 -7.02849132e-01
   1.31462097e-01  2.20983766e-01  4.08884430e-01 -1.50062933e-01
  -3.95047018e-01 -9.84548238e-01 -7.65441582e-03  2.97483928e-01
  -9.76586315e-01 -1.48046824e+00  8.57663104e-01 -3.81217114e-01
   7.29996553e-01 -1.41861442e-01 -7.02782609e-03 -6.36668131e-02
   1.37433736e+00 -1.63425201e+00  4.20140743e-02 -9.97484294e-01
   5.13741867e-01  1.19032236e+00  1.60129331e-01  7.36667532e-01
  -1.23206773e-01  2.86870350e-01 -2.24613260e-01  8.41117892e-03
   7.19024017e-01  4.38701606e-01  9.99911472e-01  1.75809148e-01
   7.01082408e-01 -1.00010366e+00 -8.05818521e-01  1.72313460e-01
   4.43749337e-01  2.68078811e-02  1.67462121e+00  7.01008574e-01
  -5.30350528e-01  4.59210705e-01 -5.08803431e-01  1.51136567e+00
   1.80499722e-01  1.47730690e-01 -2.77580827e-02 -1.13570527e+00
  -7.28004146e-01 -5.84820527e-01  5.32360500e-01  9.98096681e-01
   1.29639286e+00 -2.67780166e-01 -2.28956188e-01  2.86344892e-01
   9.52738613e-01  1.92761713e-01 -3.72282639e-03  5.68812244e-02
   3.96200739e-01 -4.59511390e-01 -1.34908613e-01 -1.33829409e+00
   6.19979769e-01 -6.98231959e-01  9.49915308e-01 -2.65850307e-01
   5.93396792e-01 -7.12886887e-01 -5.71010258e-02  1.74564828e-01
  -3.29812805e-01  1.89530678e-02  1.94097953e-01 -1.23259479e-01
  -2.27626351e-01 -1.28227919e-03 -8.58828083e-01  5.28249358e-01
   1.00587022e+00 -8.06777288e-01 -2.94554620e-01 -2.67599540e-01
   4.42358646e-01 -6.04544580e-01  7.12272142e-01 -5.49262480e-01
  -1.62238851e-01  8.37334505e-01  5.21196634e-01  1.37314624e+00
   4.54948775e-02 -3.47451367e-01  7.27158915e-01  7.89310372e-01
  -9.51162569e-02 -5.70312397e-01  1.69547430e+00  1.09108170e+00
  -1.03468455e+00 -1.95376354e-01 -5.87293275e-01  6.64896708e-02
  -5.10916788e-01 -4.33016622e-01 -2.19261058e-01 -1.16951744e+00
  -7.57383242e-02 -5.58820973e-01 -8.13995659e-02  9.73809402e-01
   8.88085246e-01 -5.80270924e-01 -2.35480856e-01 -5.99907599e-01
  -5.44113671e-01  1.55739628e+00  4.10486183e-01  4.33637009e-01
  -8.67637353e-01  9.81231557e-01  6.17740808e-01  3.72284945e-01
  -2.89222194e-01 -2.14122948e-01 -4.60036140e-01  7.47705902e-01
  -7.97608151e-01  3.99289729e-01 -6.79285291e-01 -2.77396966e-01
  -9.51449887e-01  7.48981935e-01  2.48645748e-01  3.13242698e-01
   6.05862707e-01 -5.31635812e-01 -3.54402784e-01  3.30283124e-02
  -5.05416925e-01 -9.54285130e-02 -7.31507945e-01 -9.43088897e-01
   5.89207217e-01 -1.16306620e+00  2.76191067e-02  1.43265563e-01
   6.43286757e-01 -1.72676698e+00 -7.50769618e-01 -7.19223838e-01
  -1.58806810e+00  4.14452050e-01 -2.88317649e-02  9.63221367e-01
   4.34424613e-01 -1.43503447e-01 -5.13700211e-01 -2.21094201e-01
   4.23389938e-01 -1.09916255e+00  1.02545754e+00 -5.43184677e-01
   3.79359072e-01 -1.25049902e+00  3.04164268e-01 -3.67846095e-01
   9.65250748e-01 -2.49594893e-01 -1.21838126e+00 -1.21487422e+00
   2.39760561e-01 -3.19303093e-01 -6.69457354e-02  7.84149757e-01
  -8.44876599e-01 -1.91439105e-01 -4.96989761e-01 -1.31357653e+00
   1.62988431e-01  1.52044398e+00 -4.85843551e-01 -7.61380005e-01
   7.64948644e-02 -5.43986480e-01 -5.87585440e-01  2.98728372e-01
  -3.08336572e-01 -9.27010768e-01 -8.11543405e-02  1.37701508e-01
   7.33363898e-01  3.94408175e-01  1.33090450e+00 -6.25712235e-02
  -4.22975493e-01  7.41784908e-02 -5.20370512e-01 -5.72356668e-01
   7.76558539e-01  4.29963812e-01  8.40078315e-01  8.64342314e-01
  -7.96994977e-01 -1.27256087e+00 -3.89811932e-01 -1.27535621e-01
   8.12075525e-01  9.03568152e-01 -1.08500247e-01 -5.68253119e-01
   1.22419333e+00  2.11730717e-01 -3.64144288e-01 -7.61543176e-01
   4.27838897e-01 -5.88594209e-01 -6.37901330e-01 -4.09565879e-01
   2.00271114e-01  1.39658266e+00  3.34080778e-01 -7.25417403e-01
  -3.66597027e-02 -6.77093723e-01 -5.51150493e-01  1.17670337e+00
   1.16994347e-01 -6.05928129e-01  1.14588777e-01  1.26368023e-01
   7.02230942e-01 -5.39400000e-02 -6.00373942e-01  7.61174232e-01
   7.90589346e-01  7.29897574e-02 -7.32600315e-01  9.16382158e-02
  -1.65808022e-02 -8.78406449e-01 -1.90038142e-01  5.35171201e-01
  -9.51354086e-01  1.06705664e+00 -7.01320478e-01  2.46248939e-01
   7.24440312e-01  4.41423737e-01  4.71124269e-01  9.02300371e-01
  -1.97038002e-01 -3.77700122e-01 -1.46106178e+00  9.71819216e-01
   8.75876284e-01 -8.10960144e-01  5.66055056e-01 -2.07995618e-01
   9.08707497e-01  1.25709512e+00  1.04234236e-01 -2.48815102e-01
  -8.29575838e-01  1.75731182e-01 -2.74423121e-01 -1.09303641e+00
   1.24481468e+00  3.93002317e-01  9.18873295e-02  9.25718525e-01
   3.61361971e+00 -4.11077286e-01  2.32105701e+00  3.21985064e-01
   4.06394190e-01 -6.82677756e-01 -3.49424193e-01 -1.23572329e+00
  -3.08989301e-02 -1.58173396e-01  1.13913402e+00  1.09149272e+00
  -8.66134061e-01 -2.12754108e-01 -7.27550862e-01  1.57843862e-01
  -9.52866285e-01 -1.12816945e-02 -5.51787429e-01 -5.19883956e-01
  -7.41992969e-02 -2.94220464e-01  1.28122750e-01 -9.91364395e-01
  -1.33102924e+00  6.11824907e-02 -3.79712168e-01  4.95657583e-01
   9.30799676e-01  9.42972785e-01  1.40722163e+00  2.51196532e-01
   7.90921129e-02 -1.01893516e-01 -3.48843957e-01 -4.69499856e-01
   2.62818895e-01 -6.42490536e-02 -1.80708171e+00  4.26605701e-02
  -6.22426681e-01 -1.78691149e-03 -7.68435830e-01 -8.68715061e-01
   1.42208250e+00 -1.29282576e-01 -2.63678814e-01 -1.03494558e-01
   1.16299484e+00 -1.36113728e+00 -1.32713429e+00  5.41125089e-03
   1.28061266e+00  4.80783959e-01 -8.72479355e-01 -3.49445011e-01
  -6.95424642e-01  2.02246210e-01  6.71904430e-01 -1.16335492e+00
   1.30340946e+00 -5.83038597e-01 -7.09453523e-03 -1.92210518e-02
  -6.02619007e-01 -3.90762143e-01  4.98598681e-01  2.47581124e-01
  -1.52584686e-01  3.92737792e-01 -4.39559123e-02  1.14039404e+00
  -1.52350846e-01 -1.71413011e-01  1.96326852e-02 -1.37568057e-01
  -1.15225521e+00 -1.36206916e-01  4.85586408e-01  5.85297157e-01
   1.18817989e+00 -6.00682954e-01  1.10942533e-01  8.61538246e-01
  -1.27415140e+00 -8.53173809e-01  3.98327617e-01  2.95419763e-01
  -5.90349580e-01 -1.35220665e+00 -2.25831693e-02  6.08029666e-01
  -1.16422284e+00 -2.43293814e-01 -2.27099410e-01 -1.37965769e-01
  -1.06821374e-01  2.19675540e+00 -2.48488383e-01  5.42635111e-01
   6.49022116e-01  4.57427691e-01  6.40069598e-01  7.21024188e-01
  -5.85347601e-01  1.76750784e-01  4.13291785e-01 -1.56858265e-03
   5.06803689e-01  4.88895249e-01  1.05690018e+00  4.86216986e-01
   5.24213043e-01 -2.15774412e-01  5.70927835e-01 -1.24028584e+00
  -2.92278773e-01  6.86268906e-01 -4.47541457e-01 -1.02342691e-01
   2.04143055e-01 -5.68459034e-03  4.12303190e-01  4.89467859e-01
  -1.48763862e+00 -1.25071734e-02  1.20308154e+00 -3.12735189e-01
  -8.63879828e-01 -9.14255695e-01  6.93514748e-01  9.24215530e-01
  -1.87661687e-01 -6.41479834e-01  9.31253068e-02  3.51389487e-01
  -7.54257405e-01 -8.05427577e-02  9.53211235e-02  4.59139210e-01
   1.07578329e+00 -1.28413429e+00 -1.14946067e+00 -1.17028187e-01
  -7.69347361e-01  1.28940895e+00 -1.09436258e+00 -4.07231940e-01
   1.22231588e-02  9.41877049e-01 -1.19282287e+00  6.54428194e-01
  -3.40261844e-01  8.46245527e-02  7.46864792e-01  5.59514493e-02
  -7.20749650e-02 -2.55152636e-01  1.77324989e+00  1.11540905e+00
   3.37630647e-01 -6.29322529e-01 -3.24875854e-01 -5.63361052e-01
  -3.59653448e-01  1.10662619e-01 -2.46928854e-01  1.43035182e-01
   1.04281358e+00 -2.02524266e-01 -5.83421914e-01 -3.05887796e-01
   6.14214190e-01  6.91636380e-01 -5.87426871e-04  4.22119918e-01
  -1.47514991e-01  7.45870322e-02 -3.75369862e-02  6.08329146e-01
  -1.58533697e-01 -3.72610028e-01  2.67739734e-01  8.18537246e-01
  -2.38734603e-02  6.07336433e-01  7.91172436e-01 -9.45472904e-02
   1.45332316e-01 -3.28029124e-01  8.48943424e-01  2.45746046e+00
   6.90728322e-01 -4.25545006e-01  3.44364797e-01  2.12811346e+00
  -8.45783061e-01 -4.47408636e-01 -2.74586672e-01 -1.12122233e-01
  -1.13276989e-01 -6.47782126e-01  9.23018702e-01  7.61227412e-01
  -6.53335321e-01 -1.55361415e-01 -1.72349468e-02  1.05840157e+00
   5.54498037e-01 -4.05039301e-01 -2.67937687e-01 -2.38053571e-01
   5.87455279e-01 -9.77738905e-01  8.49965957e-01  5.81632759e-02
   8.85220309e-01  1.93564708e-01 -1.72767326e+00 -1.27846306e+00
  -5.12568035e-01  4.32586491e-01 -1.37803100e+00  1.00249806e+00
  -9.46364371e-01  4.97845261e-01  2.91989559e-01  1.82818042e-01
  -1.63963373e-01 -8.83463451e-01 -1.57359795e-01  5.54823744e-01
   3.87088752e-01  5.44587964e-01 -1.12874031e-01  8.09199512e-02
  -1.45225599e-03  8.26916811e-01  3.83494943e-02 -1.59997445e-01
   5.38905996e-01  3.02749322e-01 -6.48914209e-01  1.49935999e+00
  -1.53765202e+00 -4.18115259e-01  5.00503759e-01 -1.11152569e+00
   1.18544920e+00  1.21208581e+00  1.47865513e+00 -5.61750961e-01
  -9.59996918e-01 -1.09209662e+00  3.37283827e-01 -6.70798761e-01
  -6.11772357e-01 -6.24845050e-01  6.65176206e-01  7.81746922e-02
  -5.73832241e-01  3.56162748e-01  1.46898215e+00 -8.62887035e-01
  -1.43609232e+00 -8.49160509e-01 -1.14936640e+00  1.58493544e-01
  -5.80797701e-01  5.07493747e-02  1.16446493e+00  2.53259473e-01
  -7.44852625e-01 -3.82731775e-01 -2.62965783e-01  8.91540135e-01
  -2.27740254e-01  2.79077868e-01  7.46650910e-01 -1.02264643e-02
   9.63055223e-02  1.15909541e-01 -3.02022758e-01 -3.14945393e-01
  -6.97169895e-01 -2.68803219e+00 -1.04802231e+00 -1.00416654e+00
  -4.68581600e-01  1.16684522e-01 -2.49240826e-01  4.11422414e-01
  -1.40708967e-01  9.13288090e-01  5.21493256e-02 -2.78734439e-01
  -5.94304910e-01  7.96409401e-01  3.61973580e-02  8.03777218e-01]],{'?': '?'},1,/DRF/lawService.do?OC=test&target=prec&ID=169727&type=HTML&mobileYn=